88
23
33
45
22
53
55
82
14
69
11
35
55
88
83
56
58
11
99
53
78
66
95
22
67
66
67
99
49
11
77
72
77
38
88
28
32
27
99
22
13
72
32
82
66
99
54
25
81
77
49
74
44
66
78
82
87
17
33
14
81
11
89
86
72
11
98
53
87
99
26
98
37
77
88
88
51
88
59
44
22
52
16
18
65
69
44
44
43
65
23
45
33
53
88
77
25
36
99
56
55
99
66
54
34
88
64
26
45
97
71
55
35
34
77
99
96
55
77
24
32
68
99
35
87
78
55
35
93
27
92
97
77
55
63
33
11
55
44
45
54
31
43
47
81
99
33
67
59
88
49
73
66
71
77
77
12
22
47
79
46
95
11
33
15
77
77
27
11
29
74
83
48
11
49
88
31
34
22
49
51
11
89
61
11
28
73
77
18
31
44
33
45
72
53
79
51
52
88
56
24
77
77
77
57
82
99
88
33
11
24
95
22
11
59
29
12
67
98
33
99
66
11
42
95
44
84
31
33
52
77
53
71
59
47
43
66
77
33
46
39
67
56
43
57
38
91
77
33
78
63
88
74
17
66
49
61
15
49
22
55
44
13
23
11
18
55
33
28
66
77
29
37
82
89
84
86
88
41
55
79
66
66
79
38
82
89
73
77
55
55
88
21
82
38
98
11
21
11
22
78
55
66
21
48
89
94
88
76
85
11
88
33
66
18
91
76
29
38
88
41
49
22
55
96
77
36
79
59
37
16
76
22
31
73
95
49
67
33
66
22
88
79
34
18
77
66
66
48
88
99
42
67
76
99
44
77
99
99
91
22
99
33
11
22
72
68
77
33
43
66
23
77
24
43
67
77
42
46
88
23
47
22
77
95
54
27
11
65
24
56
27
95
38
84
88
88
55
59
33
88
41
65
77
23
24
86
88
66
61
88
88
79
61
32
13
33
11
64
21
55
65
72
14
11
66
88
28
58
32
52
87
77
53
71
12
56
87
31
66
17
51
44
22
88
66
88
62
88
99
99
66
81
18
32
45
56
23
33
51
88
16
23
68
15
32
72
21
47
99
82
19
74
59
32
66
35
56
99
19
71
21
24
55
88
71
16
66
42
96
36
99
15
62
11
38
29
88
11
11
23
44
29
22
11
26
22
99
87
88
13
39
77
34
87
77
99
66
99
11
93
18
24
15
55
49
84
42
77
55
77
44
72
12
21
32
22
44
47
23
56
38
26
22
86
33
76
59
11
37
45
33
99
96
32
45
33
46
83
39
93
85
73
55
88
66
48
77
56
71
77
77
81
57
44
58
96
22
17
29
17
12
33
88
32
88
58
11
44
57
94
55
44
24
26
53
44
66
29
17
77
23
88
11
33
12
74
95
93
33
91
33
78
55
99
77
99
49
66
99
97
31
31
99
69
38
88
95
87
98
88
66
74
44
11
77
88
49
68
55
15
97
39
14
66
38
88
74
54
78
84
29
46
91
66
58
94
55
82
83
71
66
66
99
37
25
21
75
66
94
33
21
66
51
83
79
99
37
88
79
11
38
33
97
99
61
27
88
11
31
44
91
62
55
94
17
19
44
69
31
11
57
97
66
76
43
44
53
32
41
22
99
17
55
17
74
22
71
37
29
44
88
33
41
99
12
73
77
58
77
35
44
55
22
18
33
33
56
99
89
22
99
75
22
74
53
39
55
99
68
97
26
71
26
85
91
37
22
78
58
97
75
99
11
66
43
38
34
68
61
55
99
44
97
66
95
36
82
57
44
66
13
22
88
88
51
88
57
59
44
66
18
33
11
55
65
37
19
88
58
66
83
88
88
77
55
66
44
65
28
21
62
93
88
66
51
33
43
55
39
33
25
68
99
57
18
18
39
73
22
52
62
99
13
44
28
32
41
79
15
51
55
57
47
88
99
66
55
22
41
11
66
59
45
12
44
58
15
15
59
99
39
11
55
99
22
44
55
72
89
61
55
88
79
23
24
32
66
38
11
22
91
87
88
53
11
22
52
44
65
11
22
95
77
99
52
83
84
17
21
19
99
64
44
11
12
89
47
76
89
66
53
35
55
55
27
51
81
64
59
14
99
98
55
94
66
22
21
88
77
22
51
77
32
88
32
32
11
55
75
53
34
18
51
46
32
42
88
97
77
36
11
28
77
63
73
55
33
67
55
44
14
16
88
99
33
93
18
22
72
16
33
23
11
54
99
33
79
88
66
78
33
98
44
55
22
99
17
11
93
71
17
77
41
33
13
77
11
17
53
Total Sum: 55029