798
60
180
858
200
168
285
612
576
224
110
896
195
16
544
1836
378
342
1530
240
490
132
378
396
162
2400
20
1904
2970
96
224
144
50
408
160
297
1344
2601
176
3264
800
204
408
1120
420
132
180
176
90
1105
100
14
289
924
270
693
1520
156
10
1404
84
672
192
2100
1470
1632
240
1430
384
152
90
304
392
20
36
208
39
528
540
117
2926
312
96
117
1190
260
704
495
28
160
2040
1560
24
270
432
294
1920
10
360
1800
Total Sum: 63307