1
2
4
8
16
32
64
128
256
511
886
886
1770
3536
6561
11080
4487
4423
1
2
4
4
8
16
27
54
108
214
428
856
1444
2460
36
1
2
4
8
16
32
64
128
256
512
960
1917
3818
7600
15192
29872
44552
45897
44809
1
2
4
8
16
32
64
112
224
448
894
1331
1331
2434
4868
9736
14460
28856
55278
110556
151374
180231
1
2
4
8
8
16
31
62
124
248
496
976
1950
3865
6754
13500
13376
12880
25698
51396
102544
3866
1
2
4
8
16
16
30
60
120
239
478
956
1900
2844
5672
10866
21732
43434
19742
39364
16539
1
2
4
8
16
32
64
127
254
508
1016
2016
3014
5706
11404
22808
43568
87009
173510
307102
176525
1
2
4
8
16
32
64
128
256
380
760
1519
3036
5816
8588
17160
34224
62632
123745
247490
477440
706630
935820
803487
837712
1
2
4
8
16
20
24
48
95
190
360
720
1390
2780
4170
8150
12321
1
2
4
8
16
32
64
128
254
507
982
1457
1457
2910
5812
11608
10626
21188
42248
84242
67804
112963
158122
2911
Total Sum: 6857330