128
512
512
32
512
512
512
2
32
8
32
2
8
1
16
64
2
512
128
128
8
16
2
2
2
1
512
256
512
512
64
64
4
512
512
16
64
16
8
4
1
1
2
512
128
512
64
2
512
512
128
8
1
512
128
8
1
16
4
8
1
1
1
16
512
512
512
16
32
512
64
512
32
2
128
128
32
4
2
1
128
8
256
128
128
512
512
512
512
8
1
16
32
32
16
1
1
32
512
512
512
32
512
32
256
8
128
1
8
128
16
8
4
4
2
2
512
512
32
512
512
512
256
1
8
512
512
32
1
4
128
8
128
32
8
1
1
2
1
64
512
2
1
1
8
256
8
64
16
16
8
1
2
2
1
128
32
512
512
512
8
512
512
512
1
16
128
512
16
4
4
8
1
1
Total Sum: 27454